# unity skew mat 2 hood counts 1..16
u2 = [2, 2, 5, 10, 17, 29, 51, 90, 158, 277, 486, 853, 1497, 2627, 4610, 8090]
u2r = [1, 2.5, 2, 1.7, 1.705, 1.758, 1.764, 1.755, 1.753, 1.754, 1.755, 1.754, 1.754, 1.754, 1.754]
u3 = [2, 2, 2, 6, 12, 20, 30, 46, 74, 122, 200, 324, 522, 842, 1362, 2206]
u3r = [1, 1, 3, 2, 1.666, 1.5, 1.533, 1.608, 1.648, 1.639, 1.62, 1.611, 1.613, 1.617, 1.619]
u4 = [2, 2, 2, 2, 7, 14, 23, 34, 47, 67, 101, 158, 249, 387, 592, 898]
u4r = [1, 1, 1, 3.5, 2, 1.642, 1.478, 1.382, 1.425, 1.507, 1.564, 1.575, 1.554, 1.529, 1.516]
u5 = [2, 2, 2, 2, 2, 8, 16, 26, 38, 52, 68, 92, 132, 198, 302, 458]
u5r = [1, 1, 1, 1, 4, 2, 1.625, 1.461, 1.368, 1.307, 1.352, 1.434, 1.5, 1.525, 1.516]


